ROTATION:
[[ 0.8731983  -0.47041706 -0.12740687]
 [ 0.08761207  0.40867445 -0.90846537]
 [ 0.47942554  0.78210804  0.39806805]]

Inverse = Transpose
[[ 0.8731983   0.08761207  0.47942554]
 [-0.47041706  0.40867445  0.78210804]
 [-0.12740687 -0.90846537  0.39806805]]

[[ 0.8731983   0.08761207  0.47942554]
 [-0.47041706  0.40867445  0.78210804]
 [-0.12740687 -0.90846537  0.39806805]]

ZYX:
[[ 0.8731983  -0.08761207 -0.47942554]
 [-0.37984896  0.49398561 -0.78210804]
 [ 0.30535142  0.86504471  0.39806805]]

[[ 10]
 [-25]
 [ 40]]

C->W
[[  0.8731983   -0.47041706  -0.12740687  10.        ]
 [  0.08761207   0.40867445  -0.90846537 -25.        ]
 [  0.47942554   0.78210804   0.39806805  40.        ]
 [  0.           0.           0.           1.        ]]

W->C
[[  0.8731983    0.08761207   0.47942554 -25.71870295]
 [ -0.47041706   0.40867445   0.78210804 -16.36328969]
 [ -0.12740687  -0.90846537   0.39806805 -37.36028732]
 [  0.           0.           0.           1.        ]]

[[400.   0. 128.]
 [  0. 400.  85.]
 [  0.   0.   1.]]

[47.00029558 74.99522347  1.        ]

[92.99716454 64.99603543  1.        ]

[120.00894657  79.0250493    1.        ]

[154.00127535  91.99965945   1.        ]

[163.9957242  121.99809815   1.        ]

[218.99990895 121.00169373   1.        ]

[226.0013256   84.00024212   1.        ]
